39310
59747
25853
55612
25702
61957
4750
443
19669
9853
10409
5193
20330
32239
14310
13852
24584
58485
34982
61713
15567
59951
8365
22910
1687
2242
7574
24313
41420
47484
58434
10313
1076
25391
10153
41477
55402
28234
3471
5892
54013
13280
11642
40859
55628
43406
61627
62292
41937
36022
4267
5649
56953
54129
56826
107
20186
34153
24535
45266
10955
2716
42919
39626
20346
62987
21646
41245
19160
22239
52500
18791
21522
28670
15235
41370
9585
9291
40630
1198
49005
31084
64529
4425
6926
56344
56214
26102
46780
41939
5061
8334
17608
2266
39742
25666
64604
62016
41376
57690
40110
54241
53875
15748
58603
10299
3104
27067
31396
53721
25729
11700
10586
1671
25696
7751
23052
1264
32242
40805
13821
12088
59346
43053
19946
45858
59614
37814
56277
26310
59747
4336
57933
12142
9791
6594
63107
11278
64011
64522
27425
64791
23289
53235
44716
11650
24604
64757
59840
50224
35438
37850
32189
62941
52178
38502
50139
26396
11231
46952
64850
18230
48890
34226
32662
10426
58098
19635
55725
65337
19620
39849
39412
15205
1809
23460
62474
3029
44358
35423
21989
16650
45192
7981
57015
60362
41667
48552
5023
15606
13708
47599
25140
29379
53034
35411
22789
14365
23703
11378
42968
3315
61499
48724
13647
24822
3266
47435
64427
35429
26862
57967
4924
49216
61444
19925
54390
36471
41369
19484
24173
46138
20102
63587
63042
7204
36460
29865
39366
17444
25973
61192
4286
23587
7002
59619
42471
1567
40689
11353
12361
42490
21430
35512
37
49588
23573
12742
46486
2433
56073
52392
45965
12703
30003
4473
19754
4745
46065
1263
36563
18347
12216
31694
36135
17547
24850
62665
62283
7597
11357
11984
29984
55467
9056
9776
14907
20217
48009
53333
2296
40031
30798
53487
16173
52698
6434
60839
42230
27535
428
36360
5903
26852
19483
38349
30365
42239
45118
16027
23872
7220
51588
50658
47848
9301
24918
12787
51437
64234
34292
43289
65534
49422
7930
50264
60992
62835
54140
32837
44425
3632
55650
26302
10331
370
17809
57120
33834
6804
49110
15760
43548
12386
55186
53143
39372
15883
22071
19212
40215
4662
48597
21963
38343
37829
955
26632
1876
22931
40042
49585
38166
40628
7854
9223
59830
6007
23027
13659
11280
47313
26674
1022
43549
3153
26695
51562
28776
23176
33372
32046
26015
31988
10182
49966
54119
64427
10790
30698
14445
45530
64895
25197
55709
19365
58891
7238
57938
51109
53157
59109
27266
49892
26967
10469
28614
49114
57061
36847
34750
7073
9064
6778
47371
53559
24225
33514
47392
5250
20866
63666
39395
53037
49444
46919
24421
64449
28900
45965
48561
8275
26690
16736
28000
58837
7743
39531
48437
9188
19988
38771
48183
7865
18125
40003
5152
5790
17581
46706
19615
22879
3729
44759
9780
32651
40702
24182
19570
23787
63127
61662
9407
60812
28744
63754
42227
29618
40232
55646
9858
22202
4819
7585
11155
44079
59737
3276
11637
47847
20936
4838
19507
4186
37468
16032
9958
49887
25949
7613
10501
21532
47746
56430
11240
63014
60350
59676
47519
8136
50392
7609
26902
51546
11357
54301
26607
2004
41918
31245
7700
14208
16015
32243
1802
30527
40442
29981
5724
53455
8100
31119
50448
20055
61199
9960
54840
10700
24547
44335
59047
48078
46824
58403
30726
24008
53527
33840
44980
57946
25629
61811
57106
59417
35978
50103
55910
12609
9050
14893
30386
28562
47537
34094
25269
62107
58809
39341
11634
16407
47571
37791
14816
30240
16147
25717
48490
5729
49268
11104
43673
27591
46226
33956
39972
37432
27478
58785
54238
30124
4882
43904
7574
7101
41034
27600
42428
46292
3101
53270
28456
18589
53812
26857
14446
6374
42874
28981
4286
54827
53733
4378
11159
34538
3768
55102
23361
7623
31435
33365
63635
32661
55076
57495
29988
33053
56966
12991
51217
51660
13819
47546
52953
44037
3550
39951
26750
51792
31217
16418
57908
45608
16577
21839
30698
40390
48188
46494
31030
65196
59949
54926
45418
48784
64199
55242
12734
50302
14389
13437
37689
64543
46154
26025
19719
7700
39816
15356
16382
52674
44616
39851
6930
21416
13614
30743
37633
38669
50269
13468
31555
53076
29776
55037
56394
18527
32568
3142
64740
7816
49484
54498
40658
57902
47416
38581
9047
198
52848
19938
63577
50696
50584
64889
13069
60316
2572
23126
3972
27785
26238
55889
46515
40011
47301
58160
593
2981
23931
13582
38166
18314
29265
60995
21511
62732
35133
41135
17826
47194
5635
64671
50991
63625
21127
4592
64161
14055
53214
14169
58691
58005
41389
20440
18297
24779
29187
37229
13073
17304
46380
44292
58019
13389
14784
30609
13839
2167
63775
3755
30745
28777
4749
8479
64532
4469
28310
9387
39531
5038
36021
6013
52280
57483
18730
7183
60102
13389
2193
5021
1226
44208
10311
994
33163
41961
2682
58235
61347
41922
47359
37444
31318
53748
18139
41916
33602
59644
40046
62983
18309
10157
47386
15308
40060
59960
9721
59228
6823
43295
816
46373
14755
64097
58351
14404
16472
65173
26410
47249
42363
48079
60512
48089
51067
10871
59116
13985
19803
51581
38690
31134
11485
6027
31224
677
13123
14924
42337
51306
3483
56305
54279
61902
35299
3522
54845
6820
5109
1398
60084
57958
3527
19963
36661
64467
27471
33788
17304
59694
7195
46777
36479
64971
2448
53027
6021
50520
23766
64975
38017
6641
1328
46188
33480
42406
4911
27978
37125
22880
136
54135
19867
15281
52392
23571
10216
27879
27726
11822
21305
5207
13339
13829
20566
15405
1096
23266
12589
11979
17294
12433
26834
22897
29342
54975
46048
54752
60607
32120
22948
46520
30545
44824
26735
53617
38315
51527
18022
59222
19149
14439
55127
8197
29572
6012
57026
54057
13199
53776
11901
35612
58315
39579
38326
36605
28763
50742
35997
37558
24731
64142
58825
57813
43391
11583
45875
24331
37444
38935
20517
56623
5391
23751
40785
41342
19915
49199
62327
43115
23342
53796
27912
36931
1266
28323
28413
48626
4284
47303
62553
29263
18900
13117
17725
34759
20490
9483
49609
33650
36165
2377
6453
32659
36960
56385
26631
21184
11371
30042
61447
46184
24197
2842
43864
8116
14178
2429
6261
57029
397
39849
45734
9372
6081
33878
30896
63882
26769
62629
15707
12098
25434
7134
51780
44278
63280
52146
55429
25320
